B.E.(eV)           Raw Intensity       Peak Sum            Background          Peak 1              Peak 2              difference
 416.5              204 
 416.4              202.8 
 416.3              199.2 
 416.2              208.6 
 416.1              205 
 416                200.8 
 415.9              204 
 415.8              208.2 
 415.7              203.4 
 415.6              205.2 
 415.5              203.2 
 415.4              209.4 
 415.3              199 
 415.2              197.2 
 415.1              209 
 415                202 
 414.9              203.4 
 414.8              212 
 414.7              210.2 
 414.6              208.6 
 414.5              209.6 
 414.4              207 
 414.3              200 
 414.2              210.6 
 414.1              201.8 
 414                209.4 
 413.9              210.2 
 413.8              200 
 413.7              203.4 
 413.6              196 
 413.5              196.4 
 413.4              195.4 
 413.3              192.2 
 413.2              201.8 
 413.1              208.4 
 413                202.6 
 412.9              203.4 
 412.8              201.6 
 412.7              208.8 
 412.6              210.6 
 412.5              202.6 
 412.4              203.4 
 412.3              205 
 412.2              206.8 
 412.1              200 
 412                203 
 411.9              205.4 
 411.8              210.2 
 411.7              209.2 
 411.6              212.8 
 411.5              202.4 
 411.4              203.6 
 411.3              202 
 411.2              203.2 
 411.1              206 
 411                208 
 410.9              203 
 410.8              205.2 
 410.7              198.8 
 410.6              205 
 410.5              209.6 
 410.4              201.8 
 410.3              203.2 
 410.2              196.2 
 410.1              193.2 
 410                199.6 
 409.9              204.6 
 409.8              201.6 
 409.7              202.8 
 409.6              204.4 
 409.5              201.6 
 409.4              202.2 
 409.3              199.4 
 409.2              203.2 
 409.1              202.4 
 409                198                 203.4247            198                 198                 203.4247           -5.424683 
 408.9              198                 203.8137            198.0244            198.0244            203.8137           -5.813705 
 408.8              208.8               204.2411            198.0488            198.0488            204.2411            4.558853 
 408.7              206.4               204.7132            198.0732            198.0732            204.7132            1.686768 
 408.6              204                 205.2384            198.0976            198.0976            205.2384           -1.238373 
 408.5              204.2               205.8271            198.1219            198.1219            205.8271           -1.627121 
 408.4              202.2               206.4936            198.1463            198.1463            206.4936           -4.293625 
 408.3              205.6               207.2568            198.1707            198.1707            207.2568           -1.656799 
 408.2              211.6               208.1417            198.1951            198.1951            208.1417            3.458328 
 408.1              211.8               209.1823            198.2195            198.2195            209.1823            2.617661 
 408                207.2               210.4226            198.2439            198.2439            210.4226           -3.222626 
 407.9              209                 211.9192            198.2683            198.2683            211.9192           -2.91922 
 407.8              214.6               213.7433            198.2927            198.2927            213.7433            0.8567352 
 407.7              221.4               215.9808            198.3171            198.3171            215.9808            5.419189 
 407.6              212.6               218.7352            198.3415            198.3415            218.7352           -6.135239 
 407.5              219.6               222.1215            198.3659            198.3659            222.1215           -2.521484 
 407.4              223.6               226.2639            198.3902            198.3902            226.2639           -2.663879 
 407.3              232                 231.2886            198.4146            198.4146            231.2886            0.7114105 
 407.2              239.4               237.3116            198.439             198.439             237.3116            2.088379 
 407.1              246                 244.4338            198.4634            198.4634            244.4338            1.566238 
 407                258.2               252.7147            198.4878            198.4878            252.7147            5.485336 
 406.9              265                 262.1616            198.5122            198.5122            262.1616            2.83844 
 406.8              271.8               272.7056            198.5366            198.5366            272.7056           -0.9056396 
 406.7              286.6               284.1697            198.561             198.561             284.1697            2.430267 
 406.6              297.4               296.245             198.5854            198.5854            296.245             1.154999 
 406.5              314.4               308.424             198.6098            198.6098            308.424             5.976013 
 406.4              323.4               319.9749            198.6341            198.6341            319.9749            3.42514 
 406.3              335                 329.9415            198.6585            198.6585            329.9415            5.058502 
 406.2              333.8               337.244             198.6829            198.6829            337.244            -3.44397 
 406.1              328.2               340.9214            198.7073            198.7073            340.9214           -12.72144 
 406                328.6               340.424             198.7317            198.7317            340.424            -11.82394 
 405.9              336.2               335.8323            198.7561            198.7561            335.8323            0.3676758 
 405.8              330.2               327.8231            198.7805            198.7805            327.8231            2.376892 
 405.7              311                 317.4208            198.8049            198.8049            317.4208           -6.420807 
 405.6              312.2               305.6837            198.8293            198.8293            305.6837            6.516327 
 405.5              305.4               293.5204            198.8537            198.8537            293.5204            11.87964 
 405.4              293.6               281.6046            198.8781            198.8781            281.6046            11.99545 
 405.3              278.4               270.3897            198.9024            198.9024            270.3897            8.010315 
 405.2              264.6               260.1557            198.9268            198.9268            260.1557            4.444275 
 405.1              254.2               251.041             198.9512            198.9512            251.041             3.158981 
 405                242.8               243.0966            198.9756            198.9756            243.0966           -0.2966156 
 404.9              228.8               236.3002            199                 199                 236.3002           -7.500168 
 404.8              228.4               230.58              199.0244            199.0244            230.58             -2.180023 
 404.7              224                 225.8339            199.0488            199.0488            225.8339           -1.833878 
 404.6              218.6               221.9378            199.0732            199.0732            221.9378           -3.337769 
 404.5              213.4               218.7668            199.0976            199.0976            218.7668           -5.366806 
 404.4              206                 216.1982            199.1219            199.1219            216.1982           -10.19821 
 404.3              212.2               214.1195            199.1463            199.1463            214.1195           -1.91951 
 404.2              216.4               212.4327            199.1707            199.1707            212.4327            3.967331 
 404.1              206.2               211.0538            199.1951            199.1951            211.0538           -4.853836 
 404                197                 209.9161            199.2195            199.2195            209.9161           -12.91609 
 403.9              204.2               208.966             199.2439            199.2439            208.966            -4.766052 
 403.8              196.4               208.1624            199.2683            199.2683            208.1624           -11.76245 
 403.7              202.6               207.4741            199.2927            199.2927            207.4741           -4.874084 
 403.6              206                 206.877             199.3171            199.3171            206.877            -0.8770142 
 403.5              202.6               206.3538            199.3415            199.3415            206.3538           -3.753815 
 403.4              206.4               205.8914            199.3659            199.3659            205.8914            0.5086365 
 403.3              204                 205.4796            199.3902            199.3903            205.4796           -1.479614 
 403.2              201.6               205.1111            199.4146            199.4147            205.111            -3.511047 
 403.1              195.6               204.7795            199.439             199.4391            204.7794           -9.179459 
 403                197                 204.4802            199.4634            199.4635            204.48             -7.480164 
 402.9              202.8               204.2093            199.4878            199.4881            204.209            -1.409286 
 402.8              206                 203.9636            199.5122            199.5128            203.963             2.036377 
 402.7              192.6               203.7406            199.5366            199.5378            203.7394           -11.14063 
 402.6              196                 203.5381            199.561             199.5635            203.5356           -7.538071 
 402.5              192.6               203.3546            199.5854            199.5903            203.3496           -10.75455 
 402.4              204.2               203.1892            199.6098            199.6193            203.1797            1.010788 
 402.3              200.6               203.0422            199.6341            199.6521            203.0242           -2.4422 
 402.2              195.6               202.9151            199.6585            199.6918            202.8819           -7.315125 
 402.1              202                 202.8115            199.6829            199.743             202.7514           -0.8114624 
 402                205                 202.738             199.7073            199.8136            202.6317            2.262009 
 401.9              201.8               202.706             199.7317            199.916             202.5217           -0.9060211 
 401.8              198                 202.7336            199.7561            200.0689            202.4208           -4.733551 
 401.7              192.8               202.8478            199.7805            200.3002            202.328            -10.04776 
 401.6              198                 203.0886            199.8049            200.6507            202.2427           -5.088593 
 401.5              203.8               203.5124            199.8293            201.1773            202.1643            0.2876282 
 401.4              197                 204.196             199.8537            201.9575            202.0922           -7.195984 
 401.3              200                 205.241             199.8781            203.0931            202.0259           -5.240967 
 401.2              204.4               206.7757            199.9024            204.7132            201.965            -2.375687 
 401.1              210.6               208.9587            199.9268            206.9765            201.909             1.641342 
 401                214.4               211.9738            199.9512            210.0674            201.8575            2.426224 
 400.9              216.8               216.0256            199.9756            214.1909            201.8104            0.7743988 
 400.8              218.2               221.3275            200                 219.5604            201.7671           -3.127472 
 400.7              231.4               228.0816            200.0244            226.3785            201.7275            3.318359 
 400.6              235.8               236.4648            200.0488            234.8223            201.6913           -0.6648254 
 400.5              246                 246.5882            200.0732            245.0031            201.6582           -0.5881805 
 400.4              262.6               258.4755            200.0976            256.9449            201.6281            4.124481 
 400.3              276.4               272.0331            200.1219            270.5543            201.6008            4.366882 
 400.2              289.4               287.0229            200.1463            285.5933            201.576             2.377045 
 400.1              302.2               303.0699            200.1707            301.687             201.5536           -0.869873 
 400                322.6               319.6367            200.1951            318.2984            201.5334            2.963287 
 399.9              336.2               336.0628            200.2195            334.7669            201.5154            0.137207 
 399.8              340.8               351.5977            200.2439            350.3423            201.4993           -10.79773 
 399.7              358.6               365.451             200.2683            364.2342            201.4851           -6.851044 
 399.6              378.2               376.8734            200.2927            375.6934            201.4727            1.326599 
 399.5              384.6               385.1989            200.3171            384.0541            201.4619           -0.5988464 
 399.4              384.8               389.9255            200.3415            388.8144            201.4526           -5.125488 
 399.3              392                 390.7613            200.3659            389.6824            201.4447            1.238678 
 399.2              404                 387.6552            200.3902            386.6071            201.4383            16.34482 
 399.1              396                 380.7974            200.4146            379.7789            201.4332            15.20258 
 399                368.8               370.6058            200.439             369.6155            201.4292           -1.805786 
 398.9              348.2               357.6806            200.4634            356.7175            201.4265           -9.480591 
 398.8              337.2               342.7469            200.4878            341.8099            201.4248           -5.546875 
 398.7              323.4               326.5922            200.5122            325.6802            201.4242           -3.1922 
 398.6              302.2               309.9794            200.5366            309.0914            201.4246           -7.779419 
 398.5              295.8               293.6176            200.561             292.7527            201.4259            2.182373 
 398.4              274.8               278.0976            200.5854            277.2549            201.4281           -3.297577 
 398.3              264.2               263.8678            200.6098            263.0465            201.4311            0.3322144 
 398.2              265                 251.2288            200.6341            250.4281            201.4349            13.77118 
 398.1              250.4               240.3235            200.6585            239.5426            201.4395            10.07649 
 398                236                 231.1788            200.6829            230.4169            201.4448            4.821213 
 397.9              223.4               223.7158            200.7073            222.9723            201.4508           -0.3157806 
 397.8              215.6               217.7834            200.7317            217.0577            201.4574           -2.183411 
 397.7              201.8               213.1885            200.7561            212.4799            201.4647           -11.38852 
 397.6              198.6               209.7159            200.7805            209.0238            201.4726           -11.11591 
 397.5              201.8               207.1568            200.8049            206.4806            201.481            -5.356781 
 397.4              201.6               205.3168            200.8293            204.656             201.49             -3.716797 
 397.3              206.2               204.0261            200.8537            203.3802            201.4995            2.17392 
 397.2              208                 203.1432            200.8781            202.5117            201.5096            4.856766 
 397.1              197.6               202.5543            200.9024            201.9367            201.52             -4.9543 
 397                201.4               202.1722            200.9268            201.568             201.531            -0.772171 
 396.9              202.6               201.9316            200.9512            201.3405            201.5423            0.6684265 
 396.8              202                 201.7855            200.9756            201.207             201.5541            0.2144775 
 396.7              201                 201.701             201                 201.1347            201.5663           -0.7010193 
 396.6              199.5 
 396.5              185 
